[
  {
    "frame": "outputs\\go2-autonomy\\diagnostic-20260927\\20260927T102612.913780Z\\cloud_000015.json",
    "matches": [
      {
        "image_index": 0,
        "pixel_residual": 34.75333507181642,
        "alternative_margin_px": 0.24666592818357458,
        "accepted": false,
        "observed_minus_projected_xy": [
          34.74352099301041,
          0.8258617452036674
        ],
        "lidar_index": 8
      },
      {
        "image_index": 1,
        "pixel_residual": 29.078022655415722,
        "alternative_margin_px": 5.921978344584275,
        "accepted": true,
        "observed_minus_projected_xy": [
          -29.047711636391796,
          1.3273470676122088
        ],
        "lidar_index": 9
      },
      {
        "image_index": 3,
        "pixel_residual": 12.232973471928611,
        "alternative_margin_px": 22.767027528071395,
        "accepted": true,
        "observed_minus_projected_xy": [
          -12.039309766139581,
          -2.1681006249353914
        ],
        "lidar_index": 18
      }
    ],
    "camera_candidates": 4,
    "camera_detections": [
      {
        "bbox_xyxy": [
          269,
          254,
          284,
          326
        ],
        "red_sections": 3,
        "white_gaps": 2,
        "touches_edge": false,
        "distance_verified": false,
        "route_verified": false
      },
      {
        "bbox_xyxy": [
          291,
          222,
          312,
          318
        ],
        "red_sections": 3,
        "white_gaps": 3,
        "touches_edge": false,
        "distance_verified": false,
        "route_verified": false
      },
      {
        "bbox_xyxy": [
          352,
          152,
          438,
          497
        ],
        "red_sections": 4,
        "white_gaps": 6,
        "touches_edge": false,
        "distance_verified": false,
        "route_verified": false
      },
      {
        "bbox_xyxy": [
          621,
          0,
          799,
          651
        ],
        "red_sections": 4,
        "white_gaps": 3,
        "touches_edge": true,
        "distance_verified": false,
        "route_verified": false
      }
    ],
    "lidar_geometry": [
      {
        "lidar_index": 4,
        "center_xy": [
          4.55,
          0.0
        ],
        "partially_observed": false,
        "depth_range_m": [
          0.8595080130179895,
          0.8824534506292216
        ],
        "in_image_samples": 0,
        "projected_samples": 121
      },
      {
        "lidar_index": 7,
        "center_xy": [
          6.675000000000001,
          0.125
        ],
        "partially_observed": false,
        "depth_range_m": [
          -0.9386632682711662,
          -0.9157178306599341
        ],
        "in_image_samples": 0,
        "projected_samples": 0
      },
      {
        "lidar_index": 8,
        "center_xy": [
          4.6,
          3.45
        ],
        "partially_observed": false,
        "depth_range_m": [
          2.4866454982512853,
          2.5095909358625175
        ],
        "in_image_samples": 121,
        "projected_samples": 121
      },
      {
        "lidar_index": 9,
        "center_xy": [
          5.6,
          3.6
        ],
        "partially_observed": false,
        "depth_range_m": [
          1.6846049865688326,
          1.7075504241800648
        ],
        "in_image_samples": 108,
        "projected_samples": 121
      },
      {
        "lidar_index": 10,
        "center_xy": [
          7.800000000000001,
          4.2
        ],
        "partially_observed": false,
        "depth_range_m": [
          0.0508797440688018,
          0.07382518168003399
        ],
        "in_image_samples": 0,
        "projected_samples": 0
      },
      {
        "lidar_index": 11,
        "center_xy": [
          8.1,
          6.25
        ],
        "partially_observed": false,
        "depth_range_m": [
          0.781310501003841,
          0.8042559386150732
        ],
        "in_image_samples": 0,
        "projected_samples": 121
      },
      {
        "lidar_index": 18,
        "center_xy": [
          6.65,
          3.85
        ],
        "partially_observed": true,
        "depth_range_m": [
          0.8872611870656875,
          0.9102066246769196
        ],
        "in_image_samples": 70,
        "projected_samples": 121
      },
      {
        "lidar_index": 19,
        "center_xy": [
          7.6,
          3.85
        ],
        "partially_observed": true,
        "depth_range_m": [
          0.056308429277748206,
          0.0792538668889804
        ],
        "in_image_samples": 0,
        "projected_samples": 0
      }
    ],
    "row_hypotheses": [
      {
        "pole_indices": [
          8,
          9,
          18,
          19
        ],
        "centers_xy": [
          [
            4.6,
            3.45
          ],
          [
            5.6,
            3.6
          ],
          [
            6.65,
            3.85
          ],
          [
            7.6,
            3.85
          ]
        ],
        "spacing_m": [
          1.0111772408976556,
          1.0750469879275235,
          0.9401124209029313
        ],
        "max_line_residual_m": 0.08346166920329494,
        "route_verified": false,
        "reason": "Гипотеза группы стоек; полнота ряда, цвет и свободный коридор ещё не подтверждены"
      }
    ],
    "pose": {
      "x": 7.688959,
      "y": 3.175719,
      "yaw": 2.6359163197983295,
      "z": 0.310271
    },
    "accepted_matches": 2,
    "projection_features": {
      "image_size": [
        1280,
        720
      ],
      "centers_px": [
        [
          276.5,
          290.0
        ],
        [
          301.5,
          270.0
        ],
        [
          395.0,
          324.5
        ],
        [
          710.0,
          325.5
        ]
      ],
      "curves": [
        {
          "lidar_index": 4,
          "pixels": [
            [
              -212019.21804186326,
              12788.290419073575
            ],
            [
              -212128.9555824137,
              12300.54427581547
            ],
            [
              -212243.6468745556,
              11812.544157103312
            ],
            [
              -212363.3038111019,
              11324.256138938901
            ],
            [
              -212487.9384793818,
              10835.646194889394
            ],
            [
              -212617.56316221008,
              10346.680193867385
            ],
            [
              -212752.19033885232,
              9857.323897897057
            ],
            [
              -212891.83268599553,
              9367.542959866998
            ],
            [
              -213036.50307872644,
              8877.302921269653
            ],
            [
              -213186.2145915077,
              8386.569209926884
            ],
            [
              -213340.98049916181,
              7895.307137702034
            ],
            [
              -213500.81427785632,
              7403.481898198245
            ],
            [
              -213665.72960609593,
              6911.058564442959
            ],
            [
              -213835.74036571506,
              6418.002086558591
            ],
            [
              -214010.8606428743,
              5924.277289419224
            ],
            [
              -214191.10472906407,
              5429.848870293458
            ],
            [
              -214376.48712210867,
              4934.6813964731
            ],
            [
              -214567.02252717467,
              4438.739302887815
            ],
            [
              -214762.72585778454,
              3941.986889705618
            ],
            [
              -214963.61223683337,
              3444.3883199191214
            ],
            [
              -215169.6969976079,
              2945.9076169174928
            ],
            [
              -215380.9956848127,
              2446.5086620441025
            ],
            [
              -215597.52405559702,
              1946.1551921396933
            ],
            [
              -215819.29808058674,
              1444.8107970711324
            ],
            [
              -216046.33394492135,
              942.4389172455917
            ],
            [
              -216278.64804929314,
              439.00284111011194
            ],
            [
              -216516.25701099058,
              -65.53429736347397
            ],
            [
              -216759.17766494627,
              -571.2095212083807
            ],
            [
              -217007.42706478978,
              -1078.0600130075031
            ],
            [
              -217261.02248390004,
              -1586.1231174529012
            ],
            [
              -217519.9814164689,
              -2095.436343920251
            ],
            [
              -217784.321578562,
              -2606.0373690582624
            ],
            [
              -218054.06090918658,
              -3117.964039393168
            ],
            [
              -218329.21757136454,
              -3631.254373948366
            ],
            [
              -218609.80995320584,
              -4145.946566879224
            ],
            [
              -218895.8566689908,
              -4662.0789901232
            ],
            [
              -219187.376560251,
              -5179.690196065215
            ],
            [
              -219484.38869685892,
              -5698.81892021854
            ],
            [
              -219786.9123781196,
              -6219.5040839210415
            ],
            [
              -220094.96713386604,
              -6741.784797047007
            ],
            [
              -220408.5727255589,
              -7265.7003607345905
            ],
            [
              -220727.7491473925,
              -7791.290270128953
            ],
            [
              -221052.51662740117,
              -8318.594217141037
            ],
            [
              -221382.89562857244,
              -8847.652093222267
            ],
            [
              -221718.90684996505,
              -9378.50399215513
            ],
            [
              -222060.57122782705,
              -9911.190212859565
            ],
            [
              -222407.90993672403,
              -10445.75126221559
            ],
            [
              -222760.9443906661,
              -10982.227857901828
            ],
            [
              -223119.69624424193,
              -11520.660931250282
            ],
            [
              -223484.1873937575,
              -12061.091630117391
            ],
            [
              -223854.4399783772,
              -12603.56132177128
            ],
            [
              -224230.47638126955,
              -13148.11159579539
            ],
            [
              -224612.31923076027,
              -13694.784267008774
            ],
            [
              -224999.9914014844,
              -14243.621378402568
            ],
            [
              -225393.51601554712,
              -14794.66520409333
            ],
            [
              -225792.91644368586,
              -15347.958252292821
            ],
            [
              -226198.2163064409,
              -15903.543268294865
            ],
            [
              -226609.43947532494,
              -16461.463237478587
            ],
            [
              -227026.6100740013,
              -17021.761388328847
            ],
            [
              -227449.75247946393,
              -17584.481195473498
            ],
            [
              -227878.89132322487,
              -18149.66638273782
            ],
            [
              -228314.0514925004,
              -18717.36092621566
            ],
            [
              -228755.25813140962,
              -19287.609057358415
            ],
            [
              -229202.53664217173,
              -19860.455266080742
            ],
            [
              -229655.91268630754,
              -20435.944303883618
            ],
            [
              -230115.4121858491,
              -21014.12118699513
            ],
            [
              -230581.06132455228,
              -21595.031199528552
            ],
            [
              -231052.88654911236,
              -22178.719896657913
            ],
            [
              -231530.9145703856,
              -22765.23310781128
            ],
            [
              -232015.17236461595,
              -23354.6169398819
            ],
            [
              -232505.68717466475,
              -23946.917780456788
            ],
            [
              -233002.48651124586,
              -24542.18230106352
            ],
            [
              -233505.5981541657,
              -25140.457460434798
            ],
            [
              -234015.0501535667,
              -25741.790507791004
            ],
            [
              -234530.87083117777,
              -26346.228986141068
            ],
            [
              -235053.08878156578,
              -26953.820735601214
            ],
            [
              -235581.73287339538,
              -27564.613896732222
            ],
            [
              -236116.83225069076,
              -28178.65691389484
            ],
            [
              -236658.41633410452,
              -28795.998538623844
            ],
            [
              -237206.5148221892,
              -29416.687833020358
            ],
            [
              -237761.15769267315,
              -30040.77417316272
            ],
            [
              -238322.37520374518,
              -30668.307252536448
            ],
            [
              -238890.19789533902,
              -31299.337085482395
            ],
            [
              -239464.65659042378,
              -31933.914010663877
            ],
            [
              -240045.78239630267,
              -32572.088694553084
            ],
            [
              -240633.60670591288,
              -33213.91213493603
            ],
            [
              -241228.1611991298,
              -33859.435664436554
            ],
            [
              -241829.47784407967,
              -34508.71095405986
            ],
            [
              -242437.58889845453,
              -35161.79001675505
            ],
            [
              -243052.52691083166,
              -35818.72521099674
            ],
            [
              -243674.32472200008,
              -36479.56924438666
            ],
            [
              -244303.0154662899,
              -37144.37517727411
            ],
            [
              -244938.63257290766,
              -37813.19642639641
            ],
            [
              -245581.2097672769,
              -38486.086768538844
            ],
            [
              -246230.7810723817,
              -39163.10034421423
            ],
            [
              -246887.38081011854,
              -39844.29166136263
            ],
            [
              -247551.04360265005,
              -40529.715599070594
            ],
            [
              -248221.8043737652,
              -41219.427411310644
            ],
            [
              -248899.69835024487,
              -41913.48273070075
            ],
            [
              -249584.76106323113,
              -42611.93757228394
            ],
            [
              -250277.02834960373,
              -43314.84833732836
            ],
            [
              -250976.5363533591,
              -44022.27181714732
            ],
            [
              -251683.32152699583,
              -44734.265196939996
            ],
            [
              -252397.4206329063,
              -45450.88605965279
            ],
            [
              -253118.87074477135,
              -46172.19238986097
            ],
            [
              -253847.70924896008,
              -46898.242577670935
            ],
            [
              -254583.97384593866,
              -47629.095422643964
            ],
            [
              -255327.7025516799,
              -48364.81013774015
            ],
            [
              -256078.93369907737,
              -49105.44635328297
            ],
            [
              -256837.70593937143,
              -49851.06412094626
            ],
            [
              -257604.05824357373,
              -50601.7239177611
            ],
            [
              -258378.02990389807,
              -51357.48665014398
            ],
            [
              -259159.66053520114,
              -52118.41365794735
            ],
            [
              -259948.9900764226,
              -52884.56671853031
            ],
            [
              -260746.05879203358,
              -53656.00805085145
            ],
            [
              -261550.90727349062,
              -54432.80031958328
            ],
            [
              -262363.5764406954,
              -55215.006639248495
            ],
            [
              -263184.1075434554,
              -56002.69057837704
            ],
            [
              -264012.5421629581,
              -56795.91616368682
            ],
            [
              -264848.9222132424,
              -57594.747884284545
            ],
            [
              -265693.28994267987,
              -58399.25069588971
            ]
          ]
        },
        {
          "lidar_index": 8,
          "pixels": [
            [
              242.36599954863436,
              447.01565172025295
            ],
            [
              242.25305134530305,
              443.8885843851767
            ],
            [
              242.144136767749,
              440.75873640829053
            ],
            [
              242.0392638350832,
              437.6262031303279
            ],
            [
              241.9384403080046,
              434.49108020176936
            ],
            [
              241.84167368834937,
              431.3534635726983
            ],
            [
              241.74897121864,
              428.2134494826328
            ],
            [
              241.6603398816328,
              425.0711344503341
            ],
            [
              241.57578639986593,
              421.92661526359115
            ],
            [
              241.49531723520585,
              418.7799889689809
            ],
            [
              241.41893858839444,
              415.6313528616059
            ],
            [
              241.3466563985939,
              412.48080447480663
            ],
            [
              241.2784763429325,
              409.32844156985095
            ],
            [
              241.2144038360487,
              406.1743621255991
            ],
            [
              241.15444402963595,
              403.0186643281448
            ],
            [
              241.09860181198576,
              399.86144656043234
            ],
            [
              241.04688180752999,
              396.70280739184966
            ],
            [
              240.99928837638407,
              393.54284556779703
            ],
            [
              240.9558256138883,
              390.3816599992321
            ],
            [
              240.91649735014857,
              387.21934975219017
            ],
            [
              240.88130714957776,
              384.0560140372806
            ],
            [
              240.85025831043464,
              380.8917521991589
            ],
            [
              240.8233538643646,
              377.7266637059743
            ],
            [
              240.80059657593688,
              374.5608481387936
            ],
            [
              240.7819889421835,
              371.39440518099946
            ],
            [
              240.76753319213702,
              368.2274346076656
            ],
            [
              240.75723128636764,
              365.0600362749066
            ],
            [
              240.75108491651815,
              361.89231010920355
            ],
            [
              240.7490955048424,
              358.7243560967052
            ],
            [
              240.75126420373812,
              355.5562742725043
            ],
            [
              240.7575918952823,
              352.38816470988974
            ],
            [
              240.76807919076612,
              349.2201275095733
            ],
            [
              240.78272643022677,
              346.0522627888925
            ],
            [
              240.80153368198182,
              342.8846706709884
            ],
            [
              240.82450074216047,
              339.71745127395815
            ],
            [
              240.85162713423586,
              336.55070469998367
            ],
            [
              240.88291210855556,
              333.3845310244345
            ],
            [
              240.91835464187227,
              330.21903028494654
            ],
            [
              240.95795343687382,
              327.0543024704752
            ],
            [
              241.0017069217124,
              323.8904475103242
            ],
            [
              241.04961324953297,
              320.7275652631486
            ],
            [
              241.1016702980018,
              317.56575550593374
            ],
            [
              241.15787566883307,
              314.40511792294797
            ],
            [
              241.21822668731693,
              311.24575209467105
            ],
            [
              241.28272040184476,
              308.0877574866974
            ],
            [
              241.351353583435,
              304.93123343861333
            ],
            [
              241.42412272525877,
              301.77627915284984
            ],
            [
              241.5010240421637,
              298.6229936835097
            ],
            [
              241.582053470198,
              295.47147592516956
            ],
            [
              241.66720666613384,
              292.32182460165586
            ],
            [
              241.7564790069896,
              289.17413825479633
            ],
            [
              241.8498655895521,
              286.0285152331456
            ],
            [
              241.9473612298982,
              282.88505368068485
            ],
            [
              242.0489604629152,
              279.7438515254967
            ],
            [
              242.15465754182156,
              276.6050064684141
            ],
            [
              242.26444643768565,
              273.4686159716434
            ],
            [
              242.37832083894568,
              270.3347772473623
            ],
            [
              242.49627415092726,
              267.2035872462916
            ],
            [
              242.61829949536184,
              264.0751426462414
            ],
            [
              242.7443897099032,
              260.9495398406315
            ],
            [
              242.87453734764432,
              257.82687492698614
            ],
            [
              243.0087346766332,
              254.70724369540233
            ],
            [
              243.14697367938828,
              251.5907416169929
            ],
            [
              243.28924605241292,
              248.47746383230321
            ],
            [
              243.4355432057094,
              245.36750513970196
            ],
            [
              243.58585626229234,
              242.26095998374606
            ],
            [
              243.74017605770212,
              239.1579224435192
            ],
            [
              243.89849313951623,
              236.0584862209444
            ],
            [
              244.06079776686124,
              232.96274462907067
            ],
            [
              244.22707990992376,
              229.87079058033285
            ],
            [
              244.39732924946094,
              226.78271657478595
            ],
            [
              244.57153517630957,
              223.69861468831232
            ],
            [
              244.74968679089596,
              220.61857656080366
            ],
            [
              244.93177290274377,
              217.5426933843153
            ],
            [
              245.11778202998238,
              214.47105589119528
            ],
            [
              245.3077023988534,
              211.40375434218595
            ],
            [
              245.5015219432181,
              208.34087851450005
            ],
            [
              245.69922830406261,
              205.28251768986942
            ],
            [
              245.90080882900406,
              202.2287606425677
            ],
            [
              246.10625057179436,
              199.1796956274058
            ],
            [
              246.31554029182507,
              196.13541036770155
            ],
            [
              246.5286644536303,
              193.09599204322188
            ],
            [
              246.7456092263899,
              190.0615272780984
            ],
            [
              246.96636048343146,
              187.0321021287167
            ],
            [
              247.19090380173174,
              184.00780207157806
            ],
            [
              247.4192244614182,
              180.9887119911348
            ],
            [
              247.65130744526851,
              177.97491616759856
            ],
            [
              247.88713743821052,
              174.9664982647216
            ],
            [
              248.12669882682138,
              171.96354131755092
            ],
            [
              248.369975698826,
              168.9661277201558
            ],
            [
              248.61695184259423,
              165.9743392133276
            ],
            [
              248.86761074663906,
              162.98825687225317
            ],
            [
              249.12193559911168,
              160.00796109416015
            ],
            [
              249.37990928729874,
              157.0335315859363
            ],
            [
              249.64151439711645,
              154.0650473517198
            ],
            [
              249.90673321260545,
              151.10258668046424
            ],
            [
              250.17554771542507,
              148.1462271334749
            ],
            [
              250.44793958434667,
              145.19604553191803
            ],
            [
              250.7238901947452,
              142.2521179443024
            ],
            [
              251.0033806180926,
              139.3145196739341
            ],
            [
              251.2863916214481,
              136.38332524634325
            ],
            [
              251.57290366694963,
              133.458608396683
            ],
            [
              251.86289691130327,
              130.54044205710127
            ],
            [
              252.1563512052732,
              127.62889834408492
            ],
            [
              252.45324609317015,
              124.72404854577547
            ],
            [
              252.7535608123393,
              121.82596310925845
            ],
            [
              253.05727429264834,
              118.93471162782319
            ],
            [
              253.36436515597393,
              116.05036282819663
            ],
            [
              253.6748117156879,
              113.17298455774744
            ],
            [
              253.9885919761424,
              110.30264377166361
            ],
            [
              254.305683632156,
              107.43940652010167
            ],
            [
              254.62606406849596,
              104.58333793530755
            ],
            [
              254.94971035936373,
              101.73450221870957
            ],
            [
              255.27659926787635,
              98.89296262798337
            ],
            [
              255.60670724554996,
              96.05878146408912
            ],
            [
              255.94001043178042,
              93.23202005827983
            ],
            [
              256.2764846533247,
              90.41273875908155
            ],
            [
              256.6161054237808,
              87.60099691924574
            ],
            [
              256.9588479430682,
              84.79685288267297
            ],
            [
              257.3046870969056,
              82.00036397130833
            ],
            [
              257.6535974562906,
              79.21158647200849
            ]
          ]
        },
        {
          "lidar_index": 9,
          "pixels": [
            [
              331.9429523556459,
              494.18844116385446
            ],
            [
              331.7504921271268,
              489.4922707834391
            ],
            [
              331.5648481228447,
              484.786763737127
            ],
            [
              331.38604773817275,
              480.0722302239776
            ],
            [
              331.2141174785919,
              475.3489825391959
            ],
            [
              331.04908295747794,
              470.6173350063086
            ],
            [
              330.89096889388475,
              465.87760390910444
            ],
            [
              330.7397991103223,
              461.13010742333915
            ],
            [
              330.5955965305316,
              456.37516554820326
            ],
            [
              330.4583831772557,
              451.61310003755335
            ],
            [
              330.3281801700052,
              446.84423433090524
            ],
            [
              330.2050077228215,
              442.06889348418906
            ],
            [
              330.0888851420346,
              437.2874041002657
            ],
            [
              329.979830824018,
              432.5000942592034
            ],
            [
              329.877862252938,
              427.7072934483152
            ],
            [
              329.78299599850027,
              422.9093324919549
            ],
            [
              329.69524771369197,
              418.10654348107283
            ],
            [
              329.61463213251875,
              413.2992597025294
            ],
            [
              329.54116306773915,
              408.48781556816687
            ],
            [
              329.4748534085938,
              403.6725465436378
            ],
            [
              329.41571511853107,
              398.8537890769906
            ],
            [
              329.36375923292786,
              394.0318805270109
            ],
            [
              329.3189958568075,
              389.20715909131843
            ],
            [
              329.2814341625516,
              384.3799637342189
            ],
            [
              329.2510823876099,
              379.55063411431
            ],
            [
              329.2279478322041,
              374.71951051184135
            ],
            [
              329.21203685702835,
              369.88693375582744
            ],
            [
              329.2033548809458,
              365.05324515091326
            ],
            [
              329.20190637868086,
              360.2187864039917
            ],
            [
              329.2076948785059,
              355.3838995505729
            ],
            [
              329.22072295992587,
              350.5489268809035
            ],
            [
              329.2409922513576,
              345.71421086583695
            ],
            [
              329.2685034278044,
              340.8800940824532
            ],
            [
              329.30325620852733,
              336.046919139427
            ],
            [
              329.34524935471205,
              331.21502860214554
            ],
            [
              329.3944806671311,
              326.3847649175729
            ],
            [
              329.4509469838017,
              321.5564703388627
            ],
            [
              329.5146441776405,
              316.73048684971656
            ],
            [
              329.5855671541126,
              311.9071560884895
            ],
            [
              329.66370984887675,
              307.08681927204026
            ],
            [
              329.74906522542733,
              302.2698171193264
            ],
            [
              329.8416252727304,
              297.4564897747439
            ],
            [
              329.94138100285625,
              292.6471767312107
            ],
            [
              330.04832244860796,
              287.8422167529926
            ],
            [
              330.1624386611451,
              283.04194779827236
            ],
            [
              330.28371770760316,
              278.24670694146
            ],
            [
              330.412146668709,
              273.4568302952448
            ],
            [
              330.5477116363918,
              268.6726529323878
            ],
            [
              330.6903977113894,
              263.89450880725417
            ],
            [
              330.84018900085067,
              259.1227306770853
            ],
            [
              330.9970686159333,
              254.35765002300937
            ],
            [
              331.1610186693974,
              249.59959697079034
            ],
            [
              331.3320202731944,
              244.84890021131426
            ],
            [
              331.51005353605245,
              240.105886920813
            ],
            [
              331.6950975610558,
              235.3708826808238
            ],
            [
              331.8871304432212,
              230.64421139788462
            ],
            [
              332.08612926707013,
              225.92619522296513
            ],
            [
              332.29207010419486,
              221.21715447063124
            ],
            [
              332.50492801082174,
              216.51740753794462
            ],
            [
              332.7246770253699,
              211.82727082309412
            ],
            [
              332.9512901660044,
              207.14705864376123
            ],
            [
              333.1847394281861,
              202.4770831552163
            ],
            [
              333.4249957822167,
              197.81765426814675
            ],
            [
              333.6720291707789,
              193.16907956621588
            ],
            [
              333.92580850647323,
              188.53166422335175
            ],
            [
              334.186301669349,
              183.9057109207655
            ],
            [
              334.45347550443176,
              179.2915197636985
            ],
            [
              334.72729581924585,
              174.68938819789753
            ],
            [
              335.0077273813328,
              170.09961092581796
            ],
            [
              335.2947339157648,
              165.52247982255332
            ],
            [
              335.58827810265393,
              160.95828385149153
            ],
            [
              335.8883215746567,
              156.4073089796964
            ],
            [
              336.1948249144746,
              151.8698380930146
            ],
            [
              336.5077476523493,
              147.3461509109066
            ],
            [
              336.8270482635538,
              142.83652390100127
            ],
            [
              337.15268416587924,
              138.34123019337403
            ],
            [
              337.4846117171166,
              133.86053949454697
            ],
            [
              337.8227862125341,
              129.39471800121052
            ],
            [
              338.16716188235034,
              124.94402831366716
            ],
            [
              338.5176918892023,
              120.50872934899465
            ],
            [
              338.87432832560916,
              116.0890762539293
            ],
            [
              339.23702221143145,
              111.68532031746912
            ],
            [
              339.6057234913254,
              107.29770888319405
            ],
            [
              339.9803810321931,
              102.92648526130552
            ],
            [
              340.3609426206278,
              98.57188864038272
            ],
            [
              340.74735496035385,
              94.23415399885397
            ],
            [
              341.13956366966386,
              89.91351201618733
            ],
            [
              341.5375132788496,
              85.61018898379206
            ],
            [
              341.9411472276283,
              81.32440671563853
            ],
            [
              342.3504078625654,
              77.0563824585899
            ],
            [
              342.76523643449207,
              72.80632880244696
            ],
            [
              343.18557309591733,
              68.57445358970676
            ],
            [
              343.6113568984367,
              64.36095982503207
            ],
            [
              344.04252579013536,
              60.16604558443248
            ],
            [
              344.4790166129871,
              55.989903924155556
            ],
            [
              344.92076510024816,
              51.83272278928905
            ],
            [
              345.36770587384643,
              47.694684922070564
            ],
            [
              345.81977244176653,
              43.57596776990755
            ],
            [
              346.27689719542934,
              39.47674339310345
            ],
            [
              346.739011407067,
              35.397178372292274
            ],
            [
              347.20604522709357,
              31.33743371557921
            ],
            [
              347.67792768147075,
              27.297664765386628
            ],
            [
              348.15458666906864,
              23.278021105005905
            ],
            [
              348.6359489590218,
              19.27864646485324
            ],
            [
              349.1219401880808,
              15.299678628429547
            ],
            [
              349.61248485795886,
              11.341249337982674
            ],
            [
              350.10750633267355,
              7.403484199872878
            ],
            [
              350.6069268358833,
              3.4865025896394286
            ],
            [
              351.11066744822057,
              -0.40958244323149984
            ],
            [
              351.61864810461867,
              -4.284664270838675
            ],
            [
              352.13078759163426,
              -8.138642782698582
            ],
            [
              352.6470035447654,
              -11.971424481878557
            ],
            [
              353.1672124457641,
              -15.78292258143199
            ],
            [
              353.6913296199446,
              -19.573057101136442
            ],
            [
              354.21926923348667,
              -23.341754964533948
            ],
            [
              354.7509442907336,
              -27.088950096276335
            ],
            [
              355.28626663148617,
              -30.814583519774544
            ],
            [
              355.82514692829085,
              -34.51860345515331
            ],
            [
              356.3674946837234,
              -38.200965417511895
            ],
            [
              356.91321822766827,
              -41.86163231549142
            ],
            [
              357.46222471459185,
              -45.500574550149906
            ]
          ]
        },
        {
          "lidar_index": 11,
          "pixels": [
            [
              43040.93878235539,
              4570.7509597458875
            ],
            [
              43036.71126092307,
              4423.528341985487
            ],
            [
              43034.669827100595,
              4276.54152638546
            ],
            [
              43034.81822129159,
              4129.768140627243
            ],
            [
              43037.16036873037,
              3983.1857778903914
            ],
            [
              43041.7003805728,
              3836.7719937477073
            ],
            [
              43048.442554991525,
              3690.5043030383827
            ],
            [
              43057.3913782756,
              3544.36017671904
            ],
            [
              43068.551525935705,
              3398.3170386926517
            ],
            [
              43081.927863813195,
              3252.352262615095
            ],
            [
              43097.525449194596,
              3106.4431686793596
            ],
            [
              43115.34953193035,
              2960.56702037718
            ],
            [
              43135.405555558864,
              2814.7010212380883
            ],
            [
              43157.69915843519,
              2668.8223115456963
            ],
            [
              43182.23617486419,
              2522.907965031111
            ],
            [
              43209.02263623935,
              2376.9349855434125
            ],
            [
              43238.06477218572,
              2230.880303697014
            ],
            [
              43269.369011707895,
              2084.720773495825
            ],
            [
              43302.9419843437,
              1938.433168934139
            ],
            [
              43338.79052132155,
              1791.9941805740314
            ],
            [
              43376.92165672369,
              1645.3804120992436
            ],
            [
              43417.34262865402,
              1498.5683768454019
            ],
            [
              43460.06088041136,
              1351.5344943064483
            ],
            [
              43505.084061666836,
              1204.255086617167
            ],
            [
              43552.42002964754,
              1056.7063750117081
            ],
            [
              43602.076850324,
              908.8644762579506
            ],
            [
              43654.06279960361,
              760.705399067632
            ],
            [
              43708.386364528786,
              612.205040482088
            ],
            [
              43765.05624448032,
              463.3391822334984
            ],
            [
              43824.08135238585,
              314.0834870815136
            ],
            [
              43885.47081593344,
              164.41349512514307
            ],
            [
              43949.23397879053,
              14.304620089779405
            ],
            [
              44015.3804018278,
              -136.2678544107609
            ],
            [
              44083.91986434834,
              -287.3287786373043
            ],
            [
              44154.8623653223,
              -438.90314051362117
            ],
            [
              44228.21812462669,
              -591.0160694400845
            ],
            [
              44303.99758428987,
              -743.6928401327968
            ],
            [
              44382.21140974229,
              -896.9588764883472
            ],
            [
              44462.87049107232,
              -1050.8397554742844
            ],
            [
              44545.98594428627,
              -1205.3612110454342
            ],
            [
              44631.56911257583,
              -1360.5491380862493
            ],
            [
              44719.63156758913,
              -1516.42959637923
            ],
            [
              44810.185110707804,
              -1673.028814599596
            ],
            [
              44903.24177432992,
              -1830.3731943363537
            ],
            [
              44998.81382315753,
              -1988.4893141398238
            ],
            [
              45096.913755490255,
              -2147.403933595834
            ],
            [
              45197.55430452446,
              -2307.143997426663
            ],
            [
              45300.7484396574,
              -2467.736639618866
            ],
            [
              45406.50936779706,
              -2629.209187578118
            ],
            [
              45514.85053467811,
              -2791.5891663112593
            ],
            [
              45625.78562618274,
              -2954.9043026355744
            ],
            [
              45739.328569667196,
              -3119.1825294155024
            ],
            [
              45855.49353529446,
              -3284.4519898269536
            ],
            [
              45974.29493737188,
              -3450.741041649245
            ],
            [
              46095.74743569501,
              -3618.0782615849307
            ],
            [
              46219.86593689653,
              -3786.492449607512
            ],
            [
              46346.66559580175,
              -3956.0126333373537
            ],
            [
              46476.16181678915,
              -4126.668072445754
            ],
            [
              46608.3702551563,
              -4298.488263087363
            ],
            [
              46743.30681849303,
              -4471.502942361247
            ],
            [
              46880.98766805902,
              -4645.742092800471
            ],
            [
              47021.42922016733,
              -4821.235946890481
            ],
            [
              47164.64814757475,
              -4998.014991616523
            ],
            [
              47310.66138087712,
              -5176.109973040042
            ],
            [
              47459.486109910256,
              -5355.551900904236
            ],
            [
              47611.139785158135,
              -5536.372053269155
            ],
            [
              47765.64011916575,
              -5718.601981176111
            ],
            [
              47923.005087958365,
              -5902.27351334181
            ],
            [
              48083.25293246674,
              -6087.418760882256
            ],
            [
              48246.40215995854,
              -6274.070122066601
            ],
            [
              48412.47154547518,
              -6462.260287101
            ],
            [
              48581.48013327564,
              -6652.022242942794
            ],
            [
              48753.44723828553,
              -6843.389278144979
            ],
            [
              48928.39244755244,
              -7036.394987731157
            ],
            [
              49106.33562170784,
              -7231.07327810127
            ],
            [
              49287.29689643456,
              -7427.458371968019
            ],
            [
              49471.2966839409,
              -7625.584813324322
            ],
            [
              49658.35567444033,
              -7825.487472441791
            ],
            [
              49848.49483763834,
              -8027.201550900609
            ],
            [
              50041.73542422459,
              -8230.762586650659
            ],
            [
              50238.09896737159,
              -8436.206459104265
            ],
            [
              50437.607284240235,
              -8643.569394260743
            ],
            [
              50640.282477490946,
              -8852.887969862684
            ],
            [
              50846.14693680136,
              -9064.19912058429
            ],
            [
              51055.22334039047,
              -9277.54014325192
            ],
            [
              51267.534656549455,
              -9492.948702097015
            ],
            [
              51483.104145177786,
              -9710.462834041267
            ],
            [
              51701.95535932739,
              -9930.120954014774
            ],
            [
              51924.11214675203,
              -10151.961860306721
            ],
            [
              52149.598651463566,
              -10376.02473994911
            ],
            [
              52378.43931529492,
              -10602.349174133653
            ],
            [
              52610.65887946942,
              -10830.975143661875
            ],
            [
              52846.28238617625,
              -11061.943034428577
            ],
            [
              53085.335180153685,
              -11295.293642939134
            ],
            [
              53327.84291027755,
              -11531.068181860266
            ],
            [
              53573.83153115716,
              -11769.308285604884
            ],
            [
              53823.3273047378,
              -12010.056015951008
            ],
            [
              54076.35680190985,
              -12253.3538676949
            ],
            [
              54332.94690412422,
              -12499.244774338526
            ],
            [
              54593.12480501538,
              -12747.772113811789
            ],
            [
              54856.91801203044,
              -12998.979714229305
            ],
            [
              55124.35434806527,
              -13252.91185968216
            ],
            [
              55395.46195310731,
              -13509.613296064716
            ],
            [
              55670.26928588567,
              -13769.12923693671
            ],
            [
              55948.80512552766,
              -14031.505369420762
            ],
            [
              56231.098573222014,
              -14296.787860135239
            ],
            [
              56517.17905388993,
              -14565.023361163258
            ],
            [
              56807.07631786232,
              -14836.259016057302
            ],
            [
              57100.82044256384,
              -15110.542465879911
            ],
            [
              57398.44183420495,
              -15387.921855280925
            ],
            [
              57699.97122948007,
              -15668.445838610853
            ],
            [
              58005.43969727288,
              -15952.163586070905
            ],
            [
              58314.87864036954,
              -16239.124789900043
            ],
            [
              58628.31979717819,
              -16529.379670598726
            ],
            [
              58945.7952434553,
              -16822.97898318973
            ],
            [
              59267.337394040565,
              -17119.974023516654
            ],
            [
              59592.979004597975,
              -17420.4166345796
            ],
            [
              59922.75317336381,
              -17724.359212908494
            ],
            [
              60256.69334290302,
              -18031.854714974485
            ],
            [
              60594.833301872146,
              -18342.956663639226
            ],
            [
              60937.20718678913,
              -18657.71915464221
            ]
          ]
        },
        {
          "lidar_index": 18,
          "pixels": [
            [
              717.4751839430727,
              622.2229994448538
            ],
            [
              717.7188058894944,
              613.668911644154
            ],
            [
              717.9566702301736,
              605.052475195447
            ],
            [
              718.1886828586846,
              596.3754520539169
            ],
            [
              718.4147520700476,
              587.6396505252669
            ],
            [
              718.6347885821507,
              578.8469237952432
            ],
            [
              718.8487055572734,
              569.999168449281
            ],
            [
              719.0564186237131,
              561.0983229822269
            ],
            [
              719.2578458975146,
              552.1463662980939
            ],
            [
              719.4529080043037,
              543.1453161998036
            ],
            [
              719.6415281012239,
              534.0972278688703
            ],
            [
              719.8236318989775,
              525.0041923349825
            ],
            [
              719.9991476839726,
              515.868334935436
            ],
            [
              720.1680063405736,
              506.69181376437257
            ],
            [
              720.3301413734581,
              497.4768181117788
            ],
            [
              720.4854889300805,
              488.2255668922001
            ],
            [
              720.6339878232404,
              478.94030706312134
            ],
            [
              720.7755795537591,
              469.62331203297055
            ],
            [
              720.9102083332631,
              460.27688005869743
            ],
            [
              721.0378211070744,
              450.9033326328801
            ],
            [
              721.15836757721,
              441.50501286031425
            ],
            [
              721.27180022549,
              432.0842838240362
            ],
            [
              721.3780743367529,
              422.64352694073386
            ],
            [
              721.4771480221823,
              413.1851403054976
            ],
            [
              721.5689822427427,
              403.7115370258634
            ],
            [
              721.6535408327244,
              394.2251435451
            ],
            [
              721.7307905234011,
              384.728397954694
            ],
            [
              721.800700966797,
              375.2237482959816
            ],
            [
              721.863244759566,
              365.71365085088127
            ],
            [
              721.9183974669825,
              356.200568421678
            ],
            [
              721.9661376470456,
              346.6869685998093
            ],
            [
              722.0064468746947,
              337.17532202360576
            ],
            [
              722.0393097661396,
              327.6681006249354
            ],
            [
              722.0647140033034,
              318.167775864704
            ],
            [
              722.0826503583802,
              308.6768169571602
            ],
            [
              722.0931127185077,
              299.197689082957
            ],
            [
              722.0960981105532,
              289.73285159091955
            ],
            [
              722.0916067260173,
              280.28475618846744
            ],
            [
              722.0796419460524,
              270.85584512064446
            ],
            [
              722.0602103665974,
              261.44854933770193
            ],
            [
              722.0333218236295,
              252.06528665118645
            ],
            [
              721.9989894185344,
              242.70845987848168
            ],
            [
              721.957229543592,
              233.38045497575132
            ],
            [
              721.908061907583,
              224.0836391592342
            ],
            [
              721.8515095615119,
              214.82035901483755
            ],
            [
              721.7875989244507,
              205.5929385959786
            ],
            [
              721.7163598095017,
              196.4036775096218
            ],
            [
              721.6378254498801,
              187.25484899045904
            ],
            [
              721.5520325251177,
              178.14869796318203
            ],
            [
              721.4590211873876,
              169.08743909279212
            ],
            [
              721.3588350879501,
              160.07325482289693
            ],
            [
              721.25152140372,
              151.10829340194
            ],
            [
              721.1371308639585,
              142.19466689730874
            ],
            [
              721.0157177770857,
              133.33444919727054
            ],
            [
              720.8873400576174,
              124.52967400068047
            ],
            [
              720.7520592532264,
              115.78233279440838
            ],
            [
              720.6099405719272,
              107.09437281843032
            ],
            [
              720.4610529093859,
              98.46769501853112
            ],
            [
              720.3054688763563,
              89.9041519865641
            ],
            [
              720.1432648262399,
              81.40554588820953
            ],
            [
              719.9745208827749,
              72.97362637818298
            ],
            [
              719.7993209678489,
              64.61008850283338
            ],
            [
              719.6177528294419,
              56.316570590077845
            ],
            [
              719.4299080696951,
              48.09465212661695
            ],
            [
              719.235882173109,
              39.94585162237564
            ],
            [
              719.0357745348695,
              31.871624462112322
            ],
            [
              718.8296884893043,
              23.87336074414145
            ],
            [
              718.6177313384685,
              15.952383106112222
            ],
            [
              718.4000143808603,
              8.109944537787442
            ],
            [
              718.1766529402681,
              0.34722618076409617
            ],
            [
              717.9477663947486,
              -7.3346648849177996
            ],
            [
              717.7134782057366,
              -14.93469786734056
            ],
            [
              717.4739159472878,
              -22.451920502501764
            ],
            [
              717.2292113354533,
              -29.88546130739337
            ],
            [
              716.9795002577891,
              -37.23453184642608
            ],
            [
              716.7249228029975,
              -44.49842901125828
            ],
            [
              716.4656232907048,
              -51.67653731408308
            ],
            [
              716.2017503013726,
              -58.76833119443751
            ],
            [
              715.9334567063456,
              -65.77337733959075
            ],
            [
              715.6608996980345,
              -72.69133701856958
            ],
            [
              715.3842408202355,
              -79.52196842988104
            ],
            [
              715.1036459985877,
              -86.26512906299342
            ],
            [
              714.819285571167,
              -92.92077807363216
            ],
            [
              714.5313343192192,
              -99.4889786729546
            ],
            [
              714.2399714980301,
              -105.96990053066088
            ],
            [
              713.9453808679366,
              -112.36382219210225
            ],
            [
              713.6477507254766,
              -118.67113350944851
            ],
            [
              713.3472739346788,
              -124.89233808697509
            ],
            [
              713.0441479584944,
              -131.02805574053002
            ],
            [
              712.7385748903686,
              -137.0790249712445
            ],
            [
              712.4307614859558,
              -143.0461054535461
            ],
            [
              712.120919194976,
              -148.93028053753852
            ],
            [
              711.809264193214,
              -154.73265976581018
            ],
            [
              711.4960174146629,
              -160.45448140473155
            ],
            [
              711.1814045838122,
              -166.0971149903092
            ],
            [
              710.8656562480785,
              -171.6620638886513
            ],
            [
              710.5490078103835,
              -177.15096787111753
            ],
            [
              710.2316995618767,
              -182.56560570420976
            ],
            [
              709.9139767148046,
              -187.90789775426794
            ],
            [
              709.596089435527,
              -193.1799086070393
            ],
            [
              709.2782928776808,
              -198.3838497021813
            ],
            [
              708.9608472154914,
              -203.52208198276327
            ],
            [
              708.644017677233,
              -208.59711855983147
            ],
            [
              708.3280745788381,
              -213.6116273921063
            ],
            [
              708.013293357657,
              -218.56843398087
            ],
            [
              707.6999546063666,
              -223.47052408011444
            ],
            [
              707.3883441070318,
              -228.32104642201665
            ],
            [
              707.0787528653168,
              -233.12331545780393
            ],
            [
              706.7714771448493,
              -237.8808141140757
            ],
            [
              706.4668185017372,
              -242.59719656465091
            ],
            [
              706.1650838192384,
              -247.2762910180058
            ],
            [
              705.8665853425849,
              -251.9221025203688
            ],
            [
              705.5716407139606,
              -256.53881577454143
            ],
            [
              705.280573007635,
              -261.1307979745115
            ],
            [
              704.9937107652513,
              -265.70260165592623
            ],
            [
              704.7113880312727,
              -270.25896756249523
            ],
            [
              704.4339443885829,
              -274.80482752838776
            ],
            [
              704.1617249942465,
              -279.3453073766993
            ],
            [
              703.8950806154261,
              -283.88572983404896
            ],
            [
              703.634367665458,
              -288.431617461382
            ],
            [
              703.3799482400877,
              -292.98869560104475
            ]
          ]
        }
      ]
    },
    "calibration_source": "go2_ros2_sdk b440609591a249e7bdd4bbc88e056a3660575447",
    "assumptions": [
      "Калибровка другого экземпляра",
      "Ориентация из ROBOTODOM",
      "Согласование по времени приёма, не съёмки"
    ],
    "calibration_verified": false,
    "profile_modified": false,
    "motion_authorized": false
  }
]
